01451800
02480020
03103500
03126910
03255349
03260706
03261500
03261950
03262000
03262500
03262700
03263000
03264000
03265000
03266000
03267000
03267900
03269500
03270000
03270500
03271000
03271207
03271300
03271500
03271620
03272000
03272100
03272700
03274000
03274650
03275500
03301000
03323000
03327000
03329700
03353000
03363000
03364340
03567595
04092750
04183500
04188100
04232034
05518000
05536190
05538020
06620000
06827500
06893590
06921590
07149520
07189700
07228940
07229300
07230000
07231500
07239000
07241000
07300500
07303000
07309990
07311240
07315650
07329852
07331200
07331293
07331295
07331300
07331383
07332390
07332500
07334000
07334800
07335300
07335840
07336200
07338500
07362579
08169740
08406500
08447410
09040500
09396100
09397000
09397300
09398000
09399400
09400815
09404109
09404110
09404222
09417500
09470375
09496900
09497700
09501150
09502900
09504500
09505200
09505350
09527630
09527700
10336610
11023000
11133000
11299600
11299997
11447650
11447830
11455140
11463000
11467553
12117500
12117600
12446150
12446400
14076500
14093000
14105700
14147500
14211542
14337600
14354200
15015595
15019990
15024800
15041200
15052500
15056500
15081497
15087700
15088000
15129280
15129500
073298507
332153112022300
453630122021400
453712121071200
453845121562000
453845121564001
454249120423500
454314120413701
